colvarsTrajFrequency      50000   
colvarsRestartFrequency   5000 

colvar {
	   name rgyr
	   lowerBoundary 4
	   upperBoundary 20
       width 0.5
	gyration { atoms {atomnumbers {7134 7136 7151 7152 7153 7155 7173 7174 7175 7177 7195 7196 7197 7199 7214 7215 7216 7218 7233 7234 7235 7237 7255 7256 7257 7259 7274 7275 7276 7278 7293 7294 7295 7297 7315 7316 7317 7319 7337 7338 7339 7341 7356 7357 7358 7360 7375 7376 7377 7379 7397 7398 7399 7401 7416 7417} }}
																	
}

colvar {
	name separation
	lowerBoundary 0
	upperBoundary 60
    width 1 
	distanceZ {
      main {
         atomNumbers {7134 7136 7151 7152 7153 7155 7173 7174 7175 7177 7195 7196 7197 7199 7214 7215 7216 7218 7233 7234 7235 7237 7255 7256 7257 7259 7274 7275 7276 7278 7293 7294 7295 7297 7315 7316 7317 7319 7337 7338 7339 7341 7356 7357 7358 7360 7375 7376 7377 7379 7397 7398 7399 7401 7416 7417 } #atom to be pulled
      }
      ref  {
	  #atom for reference molecule which is fixed
         atomNumbers { 1 3 6 9 10 37 39 42 45 46 73 75 78 81 82 109 111 114 117 118 145 147 150 153 154 181 183 186 189 190 217 219 222 225 226 253 255 258 261 262 289 291 294 297 298 325 327 330 333 334 361 363 366 369 370 397 399 402 405 406 433 435 438 441 442 469 471 474 477 478 505 507 510 513 514 541 543 546 549 550 577 579 582 585 586 613 615 618 621 622 649 651 654 657 658 685 687 690 693 694 721 723 726 729 730 757 759 762 765 766 793 795 798 801 802 829 831 834 837 838 865 867 870 873 874 901 903 906 909 910 937 939 942 945 946 973 975 978 981 982 1009 1011 1014 1017 1018 1045 1047 1050 1053 1054 1081 1083 1086 1089 1090 1117 1119 1122 1125 1126 1153 1155 1158 1161 1162 1189 1191 1194 1197 1198 1225 1227 1230 1233 1234 1261 1263 1266 1269 1270 1297 1299 1302 1305 1306 1333 1335 1338 1341 1342 1369 1371 1374 1377 1378 1405 1407 1410 1413 1414 1441 1443 1446 1449 1450 1477 1479 1482 1485 1486 1513 1515 1518 1521 1522 1549 1551 1554 1557 1558 1585 1587 1590 1593 1594 1621 1623 1626 1629 1630 1657 1659 1662 1665 1666 1693 1695 1698 1701 1702 1729 1731 1734 1737 1738 1765 1767 1770 1773 1774 1801 1803 1806 1809 1810 1837 1839 1842 1845 1846 1873 1875 1878 1881 1882 1909 1911 1914 1917 1918 1945 1947 1950 1953 1954 1981 1983 1986 1989 1990 2017 2019 2022 2025 2026 2053 2055 2058 2061 2062 2089 2091 2094 2097 2098 2125 2127 2130 2133 2134 2161 2163 2166 2169 2170 2197 2199 2202 2205 2206 2233 2235 2238 2241 2242 2269 2271 2274 2277 2278 2305 2307 2310 2313 2314 2341 2343 2346 2349 2350 2377 2379 2382 2385 2386 2413 2415 2418 2421 2422 2449 2451 2454 2457 2458 2485 2487 2490 2493 2494 2521 2523 2526 2529 2530 2557 2559 2562 2565 2566 2593 2595 2598 2601 2602 2629 2631 2634 2637 2638 2665 2667 2670 2673 2674 2701 2703 2706 2709 2710 2737 2739 2742 2745 2746 2773 2775 2778 2781 2782 2809 2811 2814 2817 2818 2845 2847 2850 2853 2854 2881 2883 2886 2889 2890 2917 2919 2922 2925 2926 2953 2955 2958 2961 2962 2989 2991 2994 2997 2998 3025 3027 3030 3033 3034 3061 3063 3066 3069 3070 3097 3099 3102 3105 3106 3133 3135 3138 3141 3142 3169 3171 3174 3177 3178 3205 3207 3210 3213 3214 3241 3243 3246 3249 3250 3277 3279 3282 3285 3286 3313 3315 3318 3321 3322 3349 3351 3354 3357 3358 3385 3387 3390 3393 3394 3421 3423 3426 3429 3430 3457 3459 3462 3465 3466 3493 3495 3498 3501 3502 3529 3531 3534 3537 3538 3565 3567 3570 3573 3574 3601 3603 3606 3609 3610 3637 3639 3642 3645 3646 3673 3675 3678 3681 3682 3709 3711 3714 3717 3718 3745 3747 3750 3753 3754 3781 3783 3786 3789 3790 3817 3819 3822 3825 3826 3853 3855 3858 3861 3862 3889 3891 3894 3897 3898 3925 3927 3930 3933 3934 3961 3963 3966 3969 3970 3997 3999 4002 4005 4006 4033 4035 4038 4041 4042 4069 4071 4074 4077 4078 4105 4107 4110 4113 4114 4141 4143 4146 4149 4150 4177 4179 4182 4185 4186 4213 4215 4218 4221 4222 4249 4251 4254 4257 4258 4285 4287 4290 4293 4294 4321 4323 4326 4329 4330 4357 4359 4362 4365 4366 4393 4395 4398 4401 4402 4429 4431 4434 4437 4438 4465 4467 4470 4473 4474 4501 4503 4506 4509 4510 4537 4539 4542 4545 4546 4573 4575 4578 4581 4582 4609 4611 4614 4617 4618 4645 4647 4650 4653 4654 4681 4683 4686 4689 4690 4717 4719 4722 4725 4726 4753 4755 4758 4761 4762 4789 4791 4794 4797 4798 4825 4827 4830 4833 4834 4861 4863 4866 4869 4870 4897 4899 4902 4905 4906 4933 4935 4938 4941 4942 4969 4971 4974 4977 4978 5005 5007 5010 5013 5014 5041 5043 5046 5049 5050 5077 5079 5082 5085 5086 5113 5115 5118 5121 5122 5149 5151 5154 5157 5158 5185 5187 5190 5193 5194 5221 5223 5226 5229 5230 5257 5259 5262 5265 5266 5293 5295 5298 5301 5302 5329 5331 5334 5337 5338 5365 5367 5370 5373 5374 5401 5403 5406 5409 5410 5437 5439 5442 5445 5446 5473 5475 5478 5481 5482 5509 5511 5514 5517 5518 5545 5547 5550 5553 5554 5581 5583 5586 5589 5590 5617 5619 5622 5625 5626 5653 5655 5658 5661 5662 5689 5691 5694 5697 5698 5725 5727 5730 5733 5734 5761 5763 5766 5769 5770 5797 5799 5802 5805 5806 5833 5835 5838 5841 5842 5869 5871 5874 5877 5878 5905 5907 5910 5913 5914 5941 5943 5946 5949 5950 5977 5979 5982 5985 5986 6013 6015 6018 6021 6022 6049 6051 6054 6057 6058 6085 6087 6090 6093 6094 6121 6123 6126 6129 6130 6157 6159 6162 6165 6166 6193 6195 6198 6201 6202 6229 6231 6234 6237 6238 6265 6267 6270 6273 6274 6301 6303 6306 6309 6310 6337 6339 6342 6345 6346 6373 6375 6378 6381 6382 6409 6411 6414 6417 6418 6445 6447 6450 6453 6454 6481 6483 6486 6489 6490 6517 6519 6522 6525 6526 6553 6555 6558 6561 6562 6589 6591 6594 6597 6598 6625 6627 6630 6633 6634 6661 6663 6666 6669 6670 6697 6699 6702 6705 6706 6733 6735 6738 6741 6742 6769 6771 6774 6777 6778 6805 6807 6810 6813 6814 6841 6843 6846 6849 6850 6877 6879 6882 6885 6886 6913 6915 6918 6921 6922 6949 6951 6954 6957 6958 6985 6987 6990 6993 6994 7021 7023 7026 7029 7030 7057 7059 7062 7065 7066 7093 7095 7098 7101 7102 }
           }
      axis  ( 0.0,  0.0,  1.0 )
   } 																		
}
	   

metadynamics {
   name     metadynamics
   colvars  rgyr separation
   hillWeight              0.5
   newHillFrequency        10000
   writeFreeEnergyFile	   on
   keepFreeEnergyFiles	   on
   writeHillsTrajectory    on
   hillwidth               2.0
   wellTempered            on
   biasTemperature         450
   outputFreq              5000000
}

