colvarsTrajFrequency 50000
colvarsRestartFrequency 5000
colvar {
name d1
distanceZ {
      main { atomNumbers { 4 21 32 54 61 76 91 110 130 144 151 167 185 197 216 235 251 266 285 297 304 316 332 346 353 370 392 412 423 439 450 457 472 479 494 501 513 523 537 558 565 587 606 620 639 661 681 700 711 725 739 746 768 789 801 819 831 857 869 883 902 918 932 946 966 977 998 1005 1021 1038 1049 1069 1080 1104 1127 1139 1151 1168 1185 1207 1224 1241 1253 1273 1293 1315 1326 1336 1355 1367 1382 1389 1410 1426 1443 1458 1482 1496 1515 1535 1555 1577 1589 1601 1608 1622 1643 1665 1679 1703 1713 1728 1744 1766 1786 1801 1808 1820 1834 1853 1869 1883 1907 1926 1941 1960 1982 1989 2008 2020 2040 2062 2077 2089 2096 2110 2129 2148 2155 2172 2194 2213 2228 2249 2263 2284 2298 2309 2326 2340 2356 2377 2396 2413 2423 2435 2457 2474 2496 2510 2517 2536 2558 2574 2588 2608 2630 2649 2673 2690 2704 2723 2738 2750 2757 2768 2784 2801 2820 2830 2842 2859 2880 2897 2914 2928 2944 2956 2975 2982 2994 3003 3015 3031 3050 3071 3083 3095 3109 3126 3147 3166 3177 3191 3208 3219 3229 3248 3259 3281 3295 3307 3321 3336 3358 3382 3394 3411 3428 3444 3463 3482 3497 3517 3533 3547 3557 3567 3574 3593 3607 3624 3631 3648 3660 3675 3694 3715} }
    ref  { atomNumbers {3736 3738 3772 3774 3808 3810 3844 3846 3880 3882 3916 3918 3952 3954 3988 3990 4024 4026 4060 4062 4096 4098 4132 4134 4168 4170 4204 4206 4240 4242 4276 4278 4312 4314 4348 4350 4384 4386 4420 4422 4456 4458 4492 4494 4528 4530 4564 4566 4600 4602 4636 4638 4672 4674 4708 4710 4744 4746 4780 4782 4816 4818 4852 4854 4888 4890 4924 4926 4960 4962 4996 4998 5032 5034 5068 5070 5104 5106 5140 5142 5176 5178 5212 5214 5248 5250 5284 5286 5320 5322 5356 5358 5392 5394 5428 5430 5464 5466 5500 5502 5536 5538 5572 5574 5608 5610 5644 5646 5680 5682 5716 5718 5752 5754 5788 5790 5824 5826 5860 5862 5896 5898 5932 5934 5968 5970 6004 6006 6040 6042 6076 6078 6112 6114 6148 6150 6184 6186 6220 6222 6256 6258 6292 6294 6328 6330 6364 6366 6400 6402 6436 6438 6472 6474 6508 6510 6544 6546 6580 6582 6616 6618 6652 6654 6688 6690 6724 6726 6760 6762 6796 6798 6832 6834 6868 6870 6904 6906 6940 6942 6976 6978 7012 7014 7048 7050 7084 7086 7120 7122 7156 7158 7192 7194 7228 7230 7264 7266 7300 7302 7336 7338 7372 7374 7408 7410 7444 7446 7480 7482 7516 7518 7552 7554 7588 7590 7624 7626 7660 7662 7696 7698 7732 7734 7768 7770 7804 7806 7840 7842 7876 7878 7912 7914 7948 7950 7984 7986 8020 8022 8056 8058 8092 8094 8128 8130 8164 8166 8200 8202 8236 8238 8272 8274 8308 8310 8344 8346 8380 8382 8416 8418 8452 8454 8488 8490 8524 8526 8560 8562 8596 8598 8632 8634 8668 8670 8704 8706 8740 8742 8776 8778 8812 8814 8848 8850 8884 8886 8920 8922 8956 8958 8992 8994 9028 9030 9064 9066 9100 9102 9136 9138 9172 9174 9208 9210 9244 9246 9280 9282 9316 9318 9352 9354 9388 9390 9424 9426 9460 9462 9496 9498 9532 9534 9568 9570 9604 9606 9640 9642 9676 9678 9712 9714 9748 9750 9784 9786 9820 9822 9856 9858 9892 9894 9928 9930 9964 9966 10000 10002 10036 10038 10072 10074 10108 10110 10144 10146 10180 10182 10216 10218 10252 10254 10288 10290 10324 10326 10360 10362 10396 10398 10432 10434 10468 10470 10504 10506 10540 10542 10576 10578 10612 10614 10648 10650 10684 10686 10720 10722 10756 10758 10792 10794 10828 10830} }
      axis  ( 0.0,  0.0,  1.0 )
	  }
}

harmonicWalls {
name hw1
colvars d1
lowerWalls 0.0
upperWalls 75.0
lowerWallConstant 2.0
upperWallConstant 40.0
}
